%test code
% x1 = [1 2 3 4 5 6 7 8 9 10];
% y1 = [1.3 3.5 4.2 5 7 8.8 10.1 12.5 13 15.6]
% 
% [a b] = linLeastSquare(x1,y1)


x2 = [1, 1.25 1.5 1.75 2];
y2 = [5.1 5.79 6.53 7.45 8.46];