x = [ 5 13 21 27 38 48 60 72 92];
y = [44 29 20 14 8   5  3  2  1];